,ARI,ACC,NMI,FM,FRG,HUL,TIME
0,0.6822558459422283,0.74,0.8178544509529562,0.8210810810810811,0.8617419576184114,0.8628148662907303,10.671958684921265
1,1.0,1.0,1.0,1.0,0.9975474348319532,0.9979666584900672,10.387619972229004
2,0.6822558459422283,0.74,0.8178544509529562,0.8210810810810811,0.8654407667435924,0.8655348113226167,10.86162805557251
3,0.5473540573962731,0.68,0.6774906507931502,0.753586690248377,0.7253103646544701,0.7387787813678145,7.5094685554504395
4,0.6869234468587417,0.74,0.8095352891747492,0.8236650824713447,0.8614328628718734,0.861372205346174,7.283275365829468
5,0.47523986612123464,0.65,0.5834855158620308,0.6810606060606061,0.7539081118362541,0.7545019085383305,7.650632858276367
6,0.6208347432068615,0.63,0.801849850377298,0.7543859649122807,0.84310108636639,0.8518670971284673,10.951183319091797
7,0.6383122710487988,0.73,0.730105341727621,0.7978436657681941,0.8434217535084819,0.8429430918019261,10.537334442138672
8,0.6243114212265883,0.65,0.8034525889541092,0.7708333333333333,0.8430587900531255,0.845828280672084,8.572945356369019
9,0.6219947946534915,0.64,0.8023807172678361,0.7628205128205127,0.8433207927792645,0.852294935087117,13.651963472366333
10,1.0,1.0,1.0,1.0,0.9932019724174669,0.9946609663725023,7.869704723358154
11,0.26831218007152374,0.55,0.440656595364652,0.5909370909370909,0.6604066695095187,0.6462420327806048,8.357400894165039
12,1.0,1.0,1.0,1.0,0.991436914574919,0.9923803230840693,11.146250009536743
13,0.8367169135173343,0.93,0.8851037425429161,0.9286005711954304,0.9315826666537447,0.9327437065718764,4.814362287521362
14,1.0,1.0,1.0,1.0,0.9911443271291954,0.9918436313675569,12.254133939743042
15,0.4677617916609672,0.51,0.6488971778192087,0.6577477477477477,0.7036506575167822,0.7161354196586838,13.061045169830322
16,0.6208347432068615,0.63,0.801849850377298,0.7543859649122807,0.8434342812834297,0.873737319542149,10.89857816696167
17,0.48456990791841176,0.56,0.6242847359164455,0.6999792444997925,0.7502485701394032,0.7643974506274667,9.14004898071289
18,1.0,1.0,1.0,1.0,0.9937284973823057,0.9944721767097947,8.777374267578125
19,0.4636514943194153,0.67,0.5546480726843405,0.7086996748384888,0.7796934319874759,0.7554662764240145,6.352677345275879
20,0.31630097300292015,0.52,0.5695340421665485,0.61468962585034,0.6566911539610893,0.6517114526086024,6.350268363952637
21,0.6243114212265883,0.65,0.8034525889541092,0.7708333333333333,0.8434340717021089,0.8737371049401923,12.49470591545105
22,0.6277776962905378,0.66,0.8050865717029337,0.7784552845528455,0.843473629375553,0.8589255928637799,14.742559432983398
23,0.5426897781240169,0.69,0.6399204906624602,0.7451084082496034,0.8092458443149625,0.8095444837468901,9.693089008331299
24,0.6596952667863971,0.74,0.782949093421716,0.8071581196581197,0.8531396228762727,0.8535125708347812,6.845495223999023
25,0.629646948795885,0.72,0.7312862017948005,0.7936507936507937,0.8461401432615615,0.8463029346962593,6.187914848327637
26,0.97305763367046,0.99,0.9695647864162311,0.9899959983993597,0.978656498834971,0.979697254702338,12.81973385810852
27,0.9215056804005389,0.97,0.918943327160735,0.9695252077917911,0.9543706828320262,0.9572024391775147,9.730187892913818
28,0.44483503239090044,0.52,0.6090825517560038,0.6487573099415205,0.6928792587458644,0.7127056391503543,3.5549607276916504
29,0.4491180967296864,0.51,0.6213530291623857,0.6511355443403027,0.7301610759660155,0.7304896804896325,9.26356291770935
30,0.639700825309491,0.73,0.7614660038566066,0.8043243243243243,0.8419508706274786,0.842598579618481,8.65327262878418
31,0.29627588107623937,0.5,0.5126060914442233,0.5948361469712016,0.6265007577816382,0.6300735153259116,7.030684232711792
32,0.5360575488030566,0.72,0.6306041460327123,0.7476028028766366,0.7295821164669233,0.7365380772793833,12.318498849868774
33,0.6277776962905378,0.66,0.8050865717029337,0.7784552845528455,0.8422555230089913,0.8439989720159901,8.834352731704712
34,0.5664405219637476,0.72,0.6743712904331813,0.7355581576893053,0.7835205751015789,0.8059799109465462,4.57111120223999
35,1.0,1.0,1.0,1.0,0.995265211166317,0.9962033204801904,9.00778079032898
36,0.6601346672363749,0.73,0.7494926604521726,0.8092377796188899,0.8581462813704701,0.8584970752569832,9.23922610282898
37,0.49213814599393313,0.62,0.6586024879167998,0.6893419838625319,0.7738796596088096,0.7786693575516763,9.756386280059814
38,1.0,1.0,1.0,1.0,0.9939068097704835,0.9950607482055677,13.643447160720825
39,0.2153560945465781,0.56,0.31832953732204766,0.5807471264367816,0.6423969579477051,0.6066908874047894,6.789140701293945
40,1.0,1.0,1.0,1.0,0.9943129534090747,0.9951611381554388,15.832365036010742
41,0.6357381117359847,0.74,0.711987961636935,0.7850819672131147,0.8559687724910408,0.8478099393207055,9.640400886535645
42,0.6219947946534915,0.64,0.8023807172678361,0.7628205128205127,0.8433223744292989,0.859320546837132,13.757758378982544
43,1.0,1.0,1.0,1.0,0.9944967090125536,0.9953567225321467,12.52909803390503
44,0.6356959401613121,0.73,0.7389989894286636,0.7925915649278579,0.8508029338087194,0.8512215724347565,4.710655927658081
45,0.30239936798379186,0.56,0.49718556546357995,0.5669601393188854,0.7085766298978082,0.7314763866181753,8.220197439193726
46,0.29523747475405565,0.5,0.46692688870292093,0.5723439437784209,0.6489630143774541,0.6530916110808274,5.9004316329956055
47,0.6704802524459301,0.74,0.7981822757395056,0.8140612409347301,0.8588968324977595,0.8591059853986563,7.29851222038269
48,0.5262456109160407,0.7,0.6410897377125913,0.7227509778357236,0.805857216156378,0.8023883667309599,10.737705945968628
49,0.6949883931241722,0.74,0.8490518454260617,0.8282312925170068,0.8286326265877965,0.8426711206677884,6.508831262588501
50,0.7049518569463549,0.76,0.8520299606394014,0.831081081081081,0.8499200728994067,0.8586742351663663,6.253010988235474
51,0.6219947946534915,0.64,0.8023807172678361,0.7628205128205127,0.8430110517248028,0.8507663235618259,12.735962390899658
52,0.5687811831789024,0.72,0.6757893463400176,0.7419354838709676,0.8162848463659632,0.8172000914764233,6.419538497924805
53,0.3143001629488116,0.5,0.5806530921245541,0.6173469387755102,0.6920400652432303,0.7182423356719562,9.53917646408081
54,0.5216043584444862,0.76,0.6036302319483207,0.737839366515837,0.817508601531897,0.8171075146386924,8.23593783378601
55,0.6949883931241722,0.74,0.8490518454260617,0.8282312925170067,0.8678665094104057,0.868041531201916,9.799103021621704
56,0.5535512965050733,0.69,0.6578930422045155,0.7546875,0.8203240308516275,0.8205106946104687,9.113218069076538
57,0.6509800572233847,0.72,0.7917719522302323,0.8082107843137254,0.8169196257889038,0.8318563512819821,13.909629583358765
58,0.48745911934043795,0.51,0.6902901309860393,0.6644144144144144,0.6867257296136163,0.7053635781901381,12.012991905212402
59,0.2975095204394567,0.49,0.5137429836665903,0.6019032513877874,0.6355126730877394,0.6515537177602115,9.57211446762085
60,0.7049518569463549,0.76,0.8520299606394013,0.8310810810810811,0.8734832525838241,0.8734992754653468,7.247218370437622
61,0.6292134831460674,0.81,0.6958255163962195,0.7935113850368087,0.8487680298613188,0.8492146436799184,11.582737445831299
62,1.0,1.0,1.0,1.0,0.9920923801294743,0.9932371920050803,15.015353679656982
63,0.5474172921087486,0.7,0.649693873286427,0.7680272108843537,0.7271367095667014,0.7503205909647962,7.750016450881958
64,0.31951399010086723,0.5,0.42461160710717444,0.5780705996131528,0.6944715186804512,0.6801598153039572,10.471554517745972
65,0.6208347432068615,0.63,0.801849850377298,0.7543859649122807,0.8426433435520493,0.8457292583698536,16.532389163970947
66,0.25354347242799313,0.5,0.4186955555235222,0.5639296187683285,0.6103183175068689,0.6093287744556601,8.943126201629639
67,0.6208347432068615,0.63,0.801849850377298,0.7543859649122807,0.8429688074232122,0.8517982210675209,11.029280185699463
68,1.0,1.0,1.0,1.0,0.9944165463198205,0.9951198983769415,9.291248798370361
69,0.22479384658027857,0.55,0.3837430855397945,0.5756651884700665,0.62440133071967,0.5989709230128223,7.701253414154053
70,0.6949883931241722,0.74,0.8490518454260617,0.8282312925170067,0.826948875068,0.854109323547084,7.130168914794922
71,0.6528835690968444,0.7,0.8181997183290516,0.8055555555555555,0.8498062395292741,0.8520239497612603,10.97459077835083
72,0.6277776962905378,0.66,0.8050865717029337,0.7784552845528455,0.8433395449804385,0.8634915143797742,16.584578037261963
73,0.6719134425852121,0.72,0.8301774278676303,0.8173758865248226,0.8611764003254674,0.861565325874391,16.652113676071167
74,0.6381145685790635,0.68,0.810192553726474,0.7926356589147286,0.8434342490070693,0.8737372898859201,8.99495244026184
75,0.6628841473767616,0.73,0.8117339620204717,0.818530701754386,0.8576956248208809,0.8579650382262552,9.657763242721558
76,0.6381145685790635,0.68,0.810192553726474,0.7926356589147286,0.8483378103771425,0.8500643482869317,8.193274021148682
77,0.6596952667863971,0.74,0.782949093421716,0.8071581196581197,0.8526231508239862,0.8541983892953048,7.345732688903809
78,0.6685782625610582,0.73,0.7865931253984138,0.8138651625033575,0.8177672845212409,0.839100073355312,13.967517375946045
79,0.6822558459422283,0.74,0.8178544509529562,0.8210810810810811,0.8605658152599625,0.8618863380089753,10.575325965881348
80,0.7079646017699115,0.75,0.8660254037844387,0.8333333333333331,0.843434319596926,0.8737373534319673,8.640982151031494
81,0.6949883931241722,0.74,0.8490518454260617,0.8282312925170068,0.8373974145792406,0.8561590306980069,6.0390965938568115
82,0.6596952667863971,0.74,0.782949093421716,0.8071581196581197,0.8406737830732866,0.8397127148515304,8.035813093185425
83,1.0,1.0,1.0,1.0,0.9941957748443389,0.995067314411547,8.708698511123657
84,0.48014674147604663,0.6,0.6635054849210246,0.652827961651491,0.7669288459866015,0.770389372764043,9.891970872879028
85,0.6704802524459301,0.74,0.7981822757395056,0.8140612409347301,0.8159006794652089,0.8399617701726727,8.571203231811523
86,0.6277776962905378,0.66,0.8050865717029337,0.7784552845528455,0.843809561824583,0.8468751320138717,9.235366582870483
87,0.5653584603760167,0.72,0.6745706343172297,0.7372229465449806,0.8146084103914313,0.815277486982859,5.844244003295898
88,0.6869234468587417,0.74,0.8095352891747492,0.8236650824713447,0.8616104526512137,0.8625787935277904,8.637739658355713
89,0.6507885325672744,0.73,0.7463610664872178,0.8063888888888888,0.8196528453209936,0.8414064627685889,5.517278671264648
90,0.6704802524459301,0.74,0.7981822757395056,0.8140612409347301,0.854777542342016,0.8551199907921121,13.421586275100708
91,0.6381145685790635,0.68,0.810192553726474,0.7926356589147286,0.8434891572045047,0.8694110993172088,7.232260465621948
92,0.6620795332321611,0.75,0.760771433129359,0.8092377796188899,0.8517609349384619,0.8521824475351851,9.846094131469727
93,1.0,1.0,1.0,1.0,0.9950224045852971,0.9958390696386921,6.439303398132324
94,1.0,1.0,1.0,1.0,0.995194332545728,0.996100018848419,9.355898380279541
95,0.6020904265600143,0.71,0.6917859871145312,0.7777185501066097,0.8328109734037024,0.8337257184492838,14.973129510879517
96,0.6829603539366865,0.73,0.8383827696857312,0.8229166666666665,0.8633749280946152,0.8633665201623968,9.42461895942688
97,0.36878203944846,0.61,0.545562594922269,0.640556597873671,0.7399925621581349,0.7446304914996579,6.698084592819214
98,0.4008550941939698,0.6,0.5396819622964193,0.6833517190660048,0.7433082157417872,0.7379157905983207,8.0518479347229
99,1.0,1.0,1.0,1.0,0.9895400309967571,0.9910570679517938,8.550461769104004
